1.000000
0.988945
0.956596
0.905296
0.838639
0.761052
0.677307
0.592028
0.509271
0.432222
0.363038
0.302842
0.251841
0.209529
0.174934
0.146857
0.124076
0.105487
0.090176
0.077447
0.066788
0.057835
0.050317
0.044017
0.038744
0.034323
0.030596
0.027422
0.024688
0.022309
0.020224
0.018394
0.016788
0.015383
0.014156
0.013082
0.012135
0.011292
0.010534
0.009848
0.009225
0.008659
0.008148
0.007688
0.007276
0.006905
0.006569
0.006261
0.005978
0.005714
0.005469
0.005242
0.005033
0.004841
0.004665
0.004502
0.004352
0.004211
0.004079
0.003954
0.003836
0.003725
0.003621
0.003525
0.003435
0.003351
0.003272
0.003196
0.003125
0.003056
0.002991
0.002929
0.002871
0.002817
0.002765
0.002717
0.002671
0.002627
0.002584
0.002543
0.002503
0.002464
0.002427
0.002392
0.002358
0.002325
0.002292
0.002261
0.002231
0.002202
0.002174
0.002148
0.002123
0.002100
0.002077
0.002055
0.002033
0.002012
0.001991
0.001970
0.001950
0.001931
0.001912
0.001894
0.001877
0.001861
0.001845
0.001830
0.001815
0.001800
0.001786
0.001772
0.001757
0.001743
0.001729
0.001715
0.001701
0.001688
0.001675
0.001662
0.001649
0.001637
0.001626
0.001614
0.001603
0.001592
0.001580
0.001569
0.001557
0.001546
0.001535
0.001524
0.001513
0.001503
0.001493
0.001483
0.001474
0.001464
0.001455
0.001445
0.001436
0.001426
0.001417
0.001407
0.001398
0.001389
0.001380
0.001372
0.001363
0.001355
0.001347
0.001338
0.001330
0.001321
0.001313
0.001304
0.001295
0.001287
0.001279
0.001271
0.001263
0.001255
0.001248
0.001240
0.001233
0.001225
0.001218
0.001210
0.001202
0.001195
0.001187
0.001180
0.001173
0.001165
0.001158
0.001151
0.001144
0.001137
0.001129
0.001122
0.001115
0.001107
0.001100
0.001094
0.001087
0.001081
0.001075
0.001069
0.001063
0.001057
0.001051
0.001045
0.001039
0.001032
0.001025
0.001018
0.001011
0.001005
0.000998
0.000992
0.000986
0.000979
0.000973
0.000967
0.000961
0.000955
0.000949
0.000943
0.000937
0.000931
0.000925
0.000920
0.000914
0.000909
0.000903
0.000898
0.000892
0.000886
0.000881
0.000875
0.000869
0.000864
0.000858
0.000853
0.000848
0.000842
0.000837
0.000832
0.000827
0.000821
0.000816
0.000811
0.000805
0.000800
0.000795
0.000790
0.000785
0.000780
0.000775
0.000770
0.000765
0.000760
0.000755
0.000750
0.000745
0.000740
0.000736
0.000731
0.000726
0.000722
0.000717
0.000713
0.000708
0.000703
0.000699
0.000694
0.000689
0.000685
0.000680
0.000676
0.000672
0.000668
0.000664
0.000659
0.000655
0.000651
0.000646
0.000642
0.000637
0.000633
0.000629
0.000625
0.000621
0.000617
0.000614
0.000610
0.000606
0.000603
0.000599
0.000596
0.000592
0.000588
0.000584
0.000581
0.000577
0.000572
0.000568
0.000564
0.000560
0.000555
0.000551
0.000547
0.000544
0.000540
0.000537
0.000534
0.000530
0.000527
0.000524
0.000521
0.000518
0.000514
0.000511
0.000508
0.000505
0.000501
0.000498
0.000495
0.000492
0.000488
0.000485
0.000481
0.000478
0.000474
0.000471
0.000468
0.000465
0.000461
0.000458
0.000455
0.000452
0.000449
0.000445
0.000442
0.000439
0.000436
0.000433
0.000430
0.000428
0.000425
0.000422
0.000419
0.000416
0.000414
0.000411
0.000408
0.000405
0.000402
0.000400
0.000397
0.000394
0.000392
0.000389
0.000386
0.000384
0.000381
0.000378
0.000376
0.000373
0.000371
0.000368
0.000366
0.000363
0.000361
0.000358
0.000356
0.000354
0.000351
0.000349
0.000346
0.000344
0.000341
0.000339
0.000336
0.000333
0.000331
0.000328
0.000326
0.000324
0.000322
0.000320
0.000318
0.000316
0.000314
0.000312
0.000310
0.000308
0.000305
0.000303
0.000300
0.000297
0.000295
0.000293
0.000290
0.000288
0.000286
0.000284
0.000283
0.000281
0.000279
0.000277
0.000275
0.000273
0.000271
0.000270
0.000268
0.000266
0.000264
0.000262
0.000260
0.000258
0.000256
0.000255
0.000253
0.000251
0.000249
0.000247
0.000246
0.000244
0.000242
0.000240
0.000239
0.000237
0.000235
0.000233
0.000232
0.000230
0.000228
0.000227
0.000225
0.000224
0.000222
0.000220
0.000219
0.000217
0.000216
0.000214
0.000213
0.000211
0.000209
0.000208
0.000206
0.000205
0.000203
0.000202
0.000200
0.000199
0.000197
0.000196
0.000194
0.000193
0.000191
0.000190
0.000189
0.000187
0.000186
0.000185
0.000184
0.000183
0.000182
0.000181
0.000179
0.000178
0.000177
0.000176
0.000175
0.000174
0.000173
0.000172
0.000170
0.000169
0.000167
0.000166
0.000164
0.000162
0.000160
0.000158
0.000157
0.000156
0.000155
0.000154
0.000153
0.000152
0.000151
0.000151
0.000150
0.000149
0.000148
0.000147
0.000146
0.000145
0.000144
0.000143
0.000142
0.000140
0.000139
0.000138
0.000137
0.000136
0.000135
0.000134
0.000133
0.000132
0.000131
0.000130
0.000129
0.000128
0.000127
0.000126
0.000125
0.000124
0.000123
0.000122
0.000121
0.000121
0.000120
0.000119
0.000118
0.000117
0.000116
0.000115
0.000114
0.000114
0.000113
0.000112
0.000111
0.000110
0.000110
0.000109
0.000108
0.000107
0.000107
0.000106
0.000105
0.000104
0.000103
0.000103
0.000102
0.000101
0.000100
0.000100
0.000099
0.000098
0.000097
0.000097
0.000096
0.000095
0.000094
0.000094
0.000093
0.000092
0.000091
0.000091
0.000090
0.000089
0.000089
0.000088
0.000087
0.000087
0.000086
0.000085
0.000085
0.000084
0.000083
0.000083
0.000082
0.000081
0.000081
0.000080
0.000079
0.000079
0.000078
0.000078
0.000077
0.000076
0.000076
0.000075
0.000075
0.000074
0.000074
0.000073
0.000073
0.000072
0.000071
0.000071
0.000070
0.000070
0.000069
0.000069
0.000068
0.000068
0.000067
0.000067
0.000066
0.000066
0.000065
0.000065
0.000065
0.000064
0.000064
0.000063
0.000062
0.000062
0.000061
0.000061
0.000060
0.000060
0.000059
0.000059
0.000059
0.000058
0.000058
0.000057
0.000057
0.000057
0.000056
0.000056
0.000055
0.000055
0.000054
0.000054
0.000053
0.000053
0.000052
0.000052
0.000051
0.000051
0.000051
0.000050
0.000050
0.000049
0.000049
0.000049
0.000048
0.000048
0.000048
0.000047
0.000047
0.000047
0.000046
0.000046
0.000046
0.000046
0.000045
0.000045
0.000045
0.000044
0.000044
0.000044
0.000043
0.000043
0.000043
0.000042
0.000042
0.000042
0.000041
0.000041
0.000041
0.000040
0.000040
0.000040
0.000040
0.000039
0.000039
0.000039
0.000038
0.000038
0.000038
0.000037
0.000037
0.000037
0.000037
0.000036
0.000036
0.000036
0.000035
0.000035
0.000035
0.000034
0.000034
0.000034
0.000033
0.000033
0.000033
0.000033
0.000033
0.000032
0.000032
0.000032
0.000032
0.000032
0.000032
0.000032
0.000031
0.000031
0.000031
0.000031
0.000030
0.000030
0.000030
0.000029
0.000029
0.000029
0.000029
0.000028
0.000028
0.000028
0.000028
0.000028
0.000027
0.000027
0.000027
0.000027
0.000027
0.000027
0.000027
0.000026
0.000026
0.000026
0.000026
0.000026
0.000026
0.000025
0.000025
0.000025
0.000025
0.000025
0.000024
0.000024
0.000024
0.000024
0.000024
0.000023
0.000023
0.000023
0.000023
0.000023
0.000023
0.000022
0.000022
0.000022
0.000022
0.000022
0.000022
0.000021
0.000021
0.000021
0.000021
0.000021
0.000021
0.000021
0.000021
0.000020
0.000020
0.000020
0.000020
0.000020
0.000020
0.000020
0.000020
0.000020
0.000020
0.000019
0.000019
0.000019
0.000019
0.000019
0.000019
0.000018
0.000018
0.000018
0.000018
0.000018
0.000017
0.000017
0.000017
0.000017
0.000017
0.000017
0.000017
0.000017
0.000017
0.000017
0.000017
0.000017
0.000017
0.000016
0.000016
0.000016
0.000016
0.000016
0.000016
0.000016
0.000016
0.000016
0.000016
0.000016
0.000016
0.000016
0.000015
0.000015
0.000015
0.000015
0.000015
0.000015
0.000015
0.000014
0.000014
0.000014
0.000014
0.000014
0.000014
0.000014
0.000014
0.000014
0.000014
0.000014
0.000014
0.000014
0.000014
0.000014
0.000013
0.000013
0.000013
0.000013
0.000013
0.000013
0.000013
0.000013
0.000013
0.000013
0.000013
0.000013
0.000013
0.000013
0.000012
0.000012
0.000012
0.000012
0.000012
0.000012
0.000012
0.000012
0.000012
0.000012
0.000012
0.000012
0.000012
0.000012
0.000012
0.000012
0.000012
0.000011
0.000011
0.000011
0.000011
0.000011
0.000011
0.000011
0.000011
0.000011
0.000011
0.000011
0.000011
0.000011
0.000011
0.000011
0.000011
0.000011
0.000011
0.000011
0.000011
0.000011
0.000011
0.000011
0.000011
0.000011
0.000011
0.000011
0.000011
0.000011
0.000010
0.000010
0.000010
0.000010
0.000010
0.000010
0.000010
0.000009
0.000009
0.000009
0.000009
0.000009
0.000009
0.000009
0.000009
0.000009
0.000009
0.000009
0.000009
0.000009
0.000009
0.000009
0.000009
0.000009
0.000009
0.000009
0.000009
0.000009
0.000009
0.000009
0.000009
0.000009
0.000009
0.000009
0.000009
0.000009
0.000009
0.000009
0.000009
0.000009
0.000009
0.000009
0.000009
0.000009
0.000009
0.000009
0.000009
0.000009
0.000009
0.000008
0.000008
0.000008
0.000008
0.000008
0.000008
0.000008
0.000008
0.000008
0.000008
0.000008
0.000008
0.000008
0.000008
0.000008
0.000008
0.000008
0.000008
0.000008
0.000008
0.000008
0.000008
0.000008
0.000008
0.000008
0.000008
0.000008
0.000008
0.000008
0.000008
0.000008
0.000008
0.000008
0.000008
0.000008
0.000008
0.000008
0.000008
0.000008
0.000008
0.000008
0.000008
0.000008
0.000008
0.000008
0.000008
0.000008
0.000008
0.000008
0.000008
0.000008
0.000008
0.000007
0.000007
0.000007
0.000007
0.000007
0.000007
0.000007
0.000007
0.000007
0.000007
0.000007
0.000007
0.000007
0.000007
0.000007
0.000007
0.000007
0.000007
0.000007
0.000007
0.000007
0.000007
0.000007
0.000007
0.000007
0.000007
0.000007
0.000007
0.000007
0.000007
0.000007
0.000007
0.000007
0.000007
0.000007
0.000007
0.000007
0.000007
0.000007
0.000007
0.000007
0.000007
0.000007
0.000007
0.000007
0.000007
0.000007
0.000007
0.000007
0.000007
0.000007
0.000007
0.000007
0.000007
0.000007
0.000007
0.000007
0.000007
0.000007
0.000007
0.000007
0.000007
0.000007
0.000007
0.000007
0.000007
0.000007
0.000007
0.000007
0.000007
0.000007
0.000007
0.000007
0.000007
0.000007
0.000007
0.000007
0.000007
0.000007
0.000007
0.000007
0.000007
0.000007
0.000007
0.000007
0.000007
0.000007
0.000007
0.000007
0.000007
0.000007
0.000007
0.000007
0.000007
0.000007
0.000007
0.000007
0.000007
0.000007
0.000007
0.000007
0.000007
0.000007
0.000007
0.000007
0.000007
0.000007
0.000007
0.000007
0.000007
0.000007
0.000007
0.000007
0.000007
0.000007
0.000007
0.000007
0.000007
0.000007
0.000007
0.000007
0.000007
0.000007
0.000007
0.000007
0.000007
0.000007
0.000007
0.000007
0.000007
0.000007
0.000008
0.000008
0.000008
0.000008
0.000008
0.000008
0.000008
0.000008
0.000008
0.000008
0.000008
0.000008
0.000008
0.000008
0.000008
0.000008
0.000008
0.000008
0.000008
0.000008
0.000008
0.000008
0.000008
0.000008
0.000008
0.000008
0.000008
0.000008
0.000008
0.000008
0.000008
0.000008
0.000009
0.000009
0.000009
0.000009
0.000009
0.000009
0.000009
0.000009
0.000009
0.000009
0.000009
0.000009
0.000009
0.000009
0.000009
0.000010
0.000010
0.000010
0.000010
0.000010
0.000010
0.000010
0.000010
0.000010
0.000010
0.000011
0.000011
0.000011
0.000011
0.000011
0.000011
0.000011
0.000011
0.000011
0.000012
0.000012
0.000012
0.000012
0.000012
0.000012
0.000012
0.000012
0.000012
0.000013
0.000013
0.000013
0.000013
0.000013
0.000013
0.000013
0.000013
0.000013
0.000014
0.000014
0.000014
0.000014
0.000014
0.000014
0.000014
0.000015
0.000015
0.000015
0.000015
0.000015
0.000015
0.000015
0.000015
0.000015
0.000015
0.000016
0.000016
0.000016
0.000016
0.000016
0.000016
0.000016
0.000016
0.000016
0.000016
0.000016
0.000017
0.000017
0.000017
0.000017
0.000017
0.000017
0.000017
0.000017
0.000017
0.000017
0.000017
0.000017
0.000017
0.000017
0.000017
0.000017
0.000017
0.000017
0.000017
0.000017
0.000017
0.000017
0.000017
0.000017
0.000017
0.000017
0.000017
0.000017
0.000017
0.000017
0.000017
0.000017
0.000017
0.000017
0.000017
0.000017
0.000017
0.000017
0.000017
0.000017
0.000017
0.000017
0.000017
0.000017
0.000017
0.000017
0.000017
0.000017
0.000017
0.000017
0.000017
0.000017
0.000017
0.000017
0.000017
0.000017
0.000017
0.000017
0.000017
0.000017
0.000017
0.000017
0.000017
0.000017
0.000017
0.000017
0.000017
0.000017
0.000017
0.000017
0.000017
0.000017
0.000017
0.000017
0.000017
0.000017
0.000017
0.000017
0.000017
0.000017
0.000017
0.000017
0.000017
0.000017
0.000017
0.000017
0.000017
0.000017
0.000017
0.000017
0.000017
0.000017
0.000017
0.000017
0.000018
0.000018
0.000018
0.000018
0.000018
0.000018
0.000018
0.000018
0.000019
0.000019
0.000019
0.000019
0.000019
0.000020
0.000020
0.000020
0.000021
0.000021
0.000021
0.000022
0.000022
0.000022
0.000023
0.000023
0.000023
0.000024
0.000024
0.000024
0.000025
0.000025
0.000025
0.000025
0.000026
0.000026
0.000027
0.000027
0.000028
0.000029
0.000030
0.000031
0.000031
0.000032
0.000033
0.000034
0.000035
0.000036
0.000037
0.000038
0.000039
0.000040
0.000041
0.000042
0.000043
0.000044
0.000045
0.000046
0.000047
0.000049
0.000050
0.000051
0.000052
0.000054
0.000055
0.000057
0.000058
0.000059
0.000061
0.000063
0.000064
0.000066
0.000067
0.000069
0.000071
0.000072
0.000074
0.000076
0.000077
0.000079
0.000081
0.000083
0.000085
0.000087
0.000088
0.000090
0.000092
0.000094
0.000096
0.000097
0.000099
0.000101
0.000103
0.000104
0.000106
0.000108
0.000109
0.000111
0.000112
0.000114
0.000115
0.000116
0.000118
0.000119
0.000120
0.000121
0.000122
0.000123
0.000125
0.000126
0.000127
0.000128
0.000129
0.000130
0.000131
0.000131
0.000131
0.000130
0.000129
0.000128
0.000126
0.000124
0.000123
0.000121
0.000119
0.000118
0.000117
0.000116
0.000115
0.000114
0.000113
0.000112
0.000111
0.000110
0.000109
0.000108
0.000107
0.000105
0.000103
0.000101
0.000100
0.000098
0.000096
0.000094
0.000092
0.000090
0.000087
0.000085
0.000083
0.000082
0.000080
0.000078
0.000076
0.000074
0.000073
0.000071
0.000070
0.000068
0.000067
0.000065
0.000064
0.000063
0.000062
0.000061
0.000060
0.000059
0.000058
0.000057
0.000056
0.000056
0.000055
0.000054
0.000054
0.000053
0.000052
0.000052
0.000051
0.000051
0.000051
0.000050
0.000050
0.000049
0.000049
0.000049
0.000048
0.000048
0.000047
0.000047
0.000046
0.000046
0.000045
0.000045
0.000044
0.000044
0.000043
0.000043
0.000042
0.000042
0.000041
0.000041
0.000041
0.000041
0.000041
0.000040
0.000040
0.000040
0.000040
0.000040
0.000040
0.000040
0.000040
0.000040
0.000040
0.000039
0.000039
0.000039
0.000039
0.000039
0.000039
0.000039
0.000039
0.000039
0.000039
0.000039
0.000039
0.000039
0.000039
0.000039
0.000038
0.000038
0.000038
0.000038
0.000038
0.000038
0.000037
0.000037
0.000037
0.000037
0.000037
0.000037
0.000036
0.000036
0.000036
0.000036
0.000036
0.000036
0.000035
0.000035
0.000035
0.000035
0.000035
0.000035
0.000035
0.000035
0.000034
0.000034
0.000034
0.000034
0.000034
0.000034
0.000034
0.000034
0.000033
0.000033
0.000033
0.000033
0.000033
0.000033
0.000033
0.000033
0.000033
0.000032
0.000032
0.000032
0.000032
0.000032
0.000032
0.000032
0.000032
0.000032
0.000032
0.000032
0.000031
0.000031
0.000031
0.000031
0.000031
0.000031
0.000031
0.000031
0.000031
0.000031
0.000031
0.000031
0.000031
0.000030
0.000030
0.000030
0.000030
0.000030
0.000030
0.000030
0.000030
0.000030
0.000030
0.000029
0.000029
0.000029
0.000029
0.000029
0.000029
0.000029
0.000029
0.000029
0.000029
0.000029
0.000029
0.000029
0.000029
0.000029
0.000029
0.000029
0.000029
0.000029
0.000028
0.000028
0.000028
0.000028
0.000028
0.000028
0.000028
0.000028
0.000028
0.000028
0.000028
0.000028
0.000028
0.000028
0.000028
0.000028
0.000027
0.000027
0.000027
0.000027
0.000027
0.000027
0.000027
0.000027
0.000027
0.000027
0.000027
0.000027
0.000027
0.000027
0.000027
0.000027
0.000027
0.000027
0.000027
0.000027
0.000027
0.000027
0.000027
0.000027
0.000027
0.000027
0.000027
0.000027
0.000027
0.000027
0.000027
0.000027
0.000027
0.000027
0.000027
0.000027
0.000027
0.000027
0.000027
0.000027
0.000027
0.000027
0.000027
0.000028
0.000028
0.000028
0.000028
0.000028
0.000028
0.000028
0.000028
0.000028
0.000028
0.000028
0.000029
0.000029
0.000029
0.000029
0.000029
0.000029
0.000029
0.000029
0.000029
0.000029
0.000029
0.000029
0.000029
0.000029
0.000029
0.000029
0.000029
0.000029
0.000029
0.000030
0.000030
0.000030
0.000030
0.000030
0.000031
0.000031
0.000031
0.000031
0.000032
0.000032
0.000032
0.000033
0.000033
0.000033
0.000034
0.000034
0.000034
0.000035
0.000035
0.000035
0.000036
0.000036
0.000037
0.000037
0.000038
0.000038
0.000039
0.000040
0.000040
0.000041
0.000042
0.000043
0.000043
0.000044
0.000045
0.000046
0.000047
0.000048
0.000049
0.000050
0.000052
0.000053
0.000054
0.000056
0.000057
0.000059
0.000060
0.000062
0.000064
0.000065
0.000067
0.000069
0.000072
0.000074
0.000077
0.000079
0.000082
0.000084
0.000087
0.000090
0.000093
0.000096
0.000099
0.000102
0.000105
0.000108
0.000110
0.000112
0.000114
0.000116
0.000119
0.000122
0.000125
0.000130
0.000134
0.000140
0.000144
0.000148
0.000151
0.000152
